      9.50      10.00       9.70       9.55       9.88       9.51       9.98
      9.50      10.50       9.79       9.57      10.14       9.51      10.42
      9.50      11.00       9.82       9.59      10.26       9.51      10.75
      9.50      11.50       9.83       9.59      10.29       9.51      10.92
      9.50      12.00       9.83       9.59      10.30       9.51      10.97
      9.50      12.50       9.83       9.59      10.30       9.51      10.98
     10.00      10.50      10.18      10.05      10.37      10.01      10.48
     10.00      11.00      10.25      10.07      10.59      10.01      10.90
     10.00      11.50      10.27      10.07      10.68      10.01      11.19
     10.00      12.00      10.28      10.07      10.70      10.01      11.30
     10.00      12.50      10.28      10.07      10.70      10.01      11.33
     10.50      11.00      10.67      10.55      10.86      10.51      10.97
     10.50      11.50      10.73      10.56      11.07      10.51      11.38
     10.50      12.00      10.75      10.56      11.13      10.51      11.63
     10.50      12.50      10.75      10.56      11.14      10.51      11.71
     11.00      11.50      11.17      11.05      11.35      11.01      11.47
     11.00      12.00      11.22      11.06      11.54      11.01      11.86
     11.00      12.50      11.23      11.06      11.58      11.01      12.05
     11.50      12.00      11.66      11.54      11.84      11.51      11.97
     11.50      12.50      11.70      11.55      11.99      11.51      12.32
