#      9.50      10.00  265411.00 270337.00 246633.00 265711.00 223920.00 274592.00 263126.00 262020.00 269157.00 274984.00 249528.00 267098.00 229895.00 248006.00 229138.00 238586.00 247129.00 244503.00 273506.00 254541.00 256103.00 264762.00 238180.00 303275.00 245846.00 262890.00 255448.00
#      9.50      10.50  364750.00 371026.00 336565.00 364813.00 304922.00 377010.00 360955.00 359663.00 369671.00 377436.00 341486.00 367485.00 312951.00 339063.00 311562.00 325059.00 338166.00 334331.00 375855.00 348468.00 351402.00 363621.00 325398.00 419022.00 335983.00 360655.00 349113.00
#      9.50      11.00  393890.00 400472.00 362668.00 393891.00 327900.00 407498.00 389728.00 388134.00 399244.00 408100.00 368273.00 397106.00 336440.00 365413.00 335315.00 350087.00 364647.00 360301.00 406273.00 375799.00 379322.00 392555.00 350526.00 453957.00 361769.00 389470.00 376412.00
#      9.50      11.50  401535.00 408376.00 369214.00 401314.00 333590.00 415451.00 397339.00 395532.00 407085.00 416152.00 375258.00 404958.00 342232.00 372095.00 341235.00 356351.00 371468.00 366879.00 414380.00 382789.00 386511.00 400073.00 356825.00 463313.00 368520.00 396981.00 383331.00
#      9.50      12.00  403323.00 410122.00 370633.00 403031.00 334803.00 417267.00 398974.00 397291.00 408826.00 418046.00 376751.00 406787.00 343493.00 373635.00 342508.00 357700.00 372977.00 368278.00 416243.00 384360.00 388160.00 401870.00 358232.00 465484.00 369934.00 398635.00 384887.00
#      9.50      12.50  403646.00 410449.00 370873.00 403366.00 334983.00 417585.00 399295.00 397600.00 409198.00 418401.00 377022.00 407123.00 343679.00 373896.00 342730.00 357917.00 373241.00 368497.00 416588.00 384645.00 388421.00 402147.00 358485.00 465923.00 370190.00 398925.00 385143.00
     10.00      10.50   99339.00 100689.00  89932.00  99102.00  81002.00 102418.00  97829.00  97643.00 100514.00 102452.00  91958.00 100387.00  83056.00  91057.00  82424.00  86473.00  91037.00  89828.00 102349.00  93927.00  95299.00  98859.00  87218.00 115747.00  90137.00  97765.00  93665.00
     10.00      11.00  128479.00 130135.00 116035.00 128180.00 103980.00 132906.00 126602.00 126114.00 130087.00 133116.00 118745.00 130008.00 106545.00 117407.00 106177.00 111501.00 117518.00 115798.00 132767.00 121258.00 123219.00 127793.00 112346.00 150682.00 115923.00 126580.00 120964.00
     10.00      11.50  136124.00 138039.00 122581.00 135603.00 109670.00 140859.00 134213.00 133512.00 137928.00 141168.00 125730.00 137860.00 112337.00 124089.00 112097.00 117765.00 124339.00 122376.00 140874.00 128248.00 130408.00 135311.00 118645.00 160038.00 122674.00 134091.00 127883.00
     10.00      12.00  137912.00 139785.00 124000.00 137320.00 110883.00 142675.00 135848.00 135271.00 139669.00 143062.00 127223.00 139689.00 113598.00 125629.00 113370.00 119114.00 125848.00 123775.00 142737.00 129819.00 132057.00 137108.00 120052.00 162209.00 124088.00 135745.00 129439.00
     10.00      12.50  138235.00 140112.00 124240.00 137655.00 111063.00 142993.00 136169.00 135580.00 140041.00 143417.00 127494.00 140025.00 113784.00 125890.00 113592.00 119331.00 126112.00 123994.00 143082.00 130104.00 132318.00 137385.00 120305.00 162648.00 124344.00 136035.00 129695.00
     10.50      11.00   29140.00  29446.00  26103.00  29078.00  22978.00  30488.00  28773.00  28471.00  29573.00  30664.00  26787.00  29621.00  23489.00  26350.00  23753.00  25028.00  26481.00  25970.00  30418.00  27331.00  27920.00  28934.00  25128.00  34935.00  25786.00  28815.00  27299.00
     10.50      11.50   36785.00  37350.00  32649.00  36501.00  28668.00  38441.00  36384.00  35869.00  37414.00  38716.00  33772.00  37473.00  29281.00  33032.00  29673.00  31292.00  33302.00  32548.00  38525.00  34321.00  35109.00  36452.00  31427.00  44291.00  32537.00  36326.00  34218.00
     10.50      12.00   38573.00  39096.00  34068.00  38218.00  29881.00  40257.00  38019.00  37628.00  39155.00  40610.00  35265.00  39302.00  30542.00  34572.00  30946.00  32641.00  34811.00  33947.00  40388.00  35892.00  36758.00  38249.00  32834.00  46462.00  33951.00  37980.00  35774.00
     10.50      12.50   38896.00  39423.00  34308.00  38553.00  30061.00  40575.00  38340.00  37937.00  39527.00  40965.00  35536.00  39638.00  30728.00  34833.00  31168.00  32858.00  35075.00  34166.00  40733.00  36177.00  37019.00  38526.00  33087.00  46901.00  34207.00  38270.00  36030.00
     11.00      11.50    7645.00   7904.00   6546.00   7423.00   5690.00   7953.00   7611.00   7398.00   7841.00   8052.00   6985.00   7852.00   5792.00   6682.00   5920.00   6264.00   6821.00   6578.00   8107.00   6990.00   7189.00   7518.00   6299.00   9356.00   6751.00   7511.00   6919.00
     11.00      12.00    9433.00   9650.00   7965.00   9140.00   6903.00   9769.00   9246.00   9157.00   9582.00   9946.00   8478.00   9681.00   7053.00   8222.00   7193.00   7613.00   8330.00   7977.00   9970.00   8561.00   8838.00   9315.00   7706.00  11527.00   8165.00   9165.00   8475.00
     11.00      12.50    9756.00   9977.00   8205.00   9475.00   7083.00  10087.00   9567.00   9466.00   9954.00  10301.00   8749.00  10017.00   7239.00   8483.00   7415.00   7830.00   8594.00   8196.00  10315.00   8846.00   9099.00   9592.00   7959.00  11966.00   8421.00   9455.00   8731.00
     11.50      12.00    1788.00   1746.00   1419.00   1717.00   1213.00   1816.00   1635.00   1759.00   1741.00   1894.00   1493.00   1829.00   1261.00   1540.00   1273.00   1349.00   1509.00   1399.00   1863.00   1571.00   1649.00   1797.00   1407.00   2171.00   1414.00   1654.00   1556.00
     11.50      12.50    2111.00   2073.00   1659.00   2052.00   1393.00   2134.00   1956.00   2068.00   2113.00   2249.00   1764.00   2165.00   1447.00   1801.00   1495.00   1566.00   1773.00   1618.00   2208.00   1856.00   1910.00   2074.00   1660.00   2610.00   1670.00   1944.00   1812.00
