3.0000  0.00000
3.0199	0.00000	
3.0255	0.002531
3.0343	0.007594
3.0375	0.02025
3.0399	0.03037
3.0411	0.04050	
3.0427	0.05316	
3.0439	0.06582	
3.0451	0.08101	
3.0455	0.09113	
3.0471	0.1139	
3.0483	0.1316	
3.0490	0.1493	
3.0498	0.1620	
3.0502	0.1797	
3.0514	0.1974	
3.0518	0.2151	
3.0526	0.2303	
3.0530	0.2455	
3.0538	0.2683	
3.0542	0.2810	
3.0546	0.2962	
3.0553	0.3215	
3.0561	0.3392	
3.0565	0.3544	
3.0573	0.3772	
3.0577	0.3924	
3.0581	0.4101	
3.0592	0.4506	
3.0600	0.4759	
3.0608	0.4962	
3.0616	0.5240	
3.0624	0.5493	
3.0632	0.5746	
3.0636	0.5898	
3.0643	0.6151	
3.0651	0.6430	
3.0663	0.6708	
3.0675	0.7088	
3.0691	0.7468	
3.0702	0.7797	
3.0718	0.8126	
3.0734	0.8430	
3.0750	0.8708	
3.0762	0.8936	
3.0785	0.9164	
3.0805	0.9367	
3.0837	0.9569	
3.0873	0.9746	
3.0917	0.9848	
3.0965	0.9949	
3.1000  1.0000
3.1005	0.9974	
3.1037	0.9924	
3.1065	0.9772	
3.1089	0.9518	
3.1109	0.9215	
3.1126	0.8860	
3.1142	0.8556	
3.1158	0.8151	
3.1170	0.7772	
3.1187	0.7341	
3.1199	0.6962	
3.1211	0.6556	
3.1223	0.6151	
3.1236	0.5620	
3.1248	0.5215	
3.1260	0.4759	
3.1273	0.4354	
3.1285	0.3924	
3.1297	0.3518	
3.1309	0.3113	
3.1322	0.2784	
3.1334	0.2405	
3.1350	0.1949	
3.1362	0.1544	
3.1391	0.1164	
3.1415	0.07848	
3.1439	0.04810	
3.1471	0.02531	
3.1511	0.01012	
3.1547	0.005063
3.1595	0.00000	
3.1639	0.00000
3.2000  0.00000

