-6.524410636284665088e+01 0.000000000000000000e+00
-5.207309426132042063e+01 0.000000000000000000e+00
-4.838371383402972725e+01 2.530999999999999830e-03
-4.260113210296485420e+01 7.594000000000000056e-03
-4.050290989159284294e+01 2.025000000000000064e-02
-3.893082597217053120e+01 3.037000000000000116e-02
-3.814529207898949181e+01 4.050000000000000128e-02
-3.709843990728586505e+01 5.315999999999999892e-02
-3.631369523678867495e+01 6.582000000000000350e-02
-3.552928841126676929e+01 8.100999999999999868e-02
-3.526789450534788273e+01 9.113000000000000267e-02
-3.422269382868789478e+01 1.139000000000000012e-01
-3.343918677153997265e+01 1.315999999999999948e-01
-3.298229662340217772e+01 1.492999999999999883e-01
-3.246027680342503885e+01 1.620000000000000051e-01
-3.219932301251337492e+01 1.796999999999999986e-01
-3.141668601180080955e+01 1.973999999999999921e-01
-3.115588177328699970e+01 2.151000000000000134e-01
-3.063438538675709211e+01 2.303000000000000047e-01
-3.037369322138919969e+01 2.454999999999999960e-01
-2.985242090309065688e+01 2.682999999999999829e-01
-2.959184073282221661e+01 2.810000000000000275e-01
-2.933129787692259782e+01 2.962000000000000188e-01
-2.887543764074953145e+01 3.215000000000000080e-01
-2.835459435058009703e+01 3.392000000000000015e-01
-2.809422861969887819e+01 3.543999999999999928e-01
-2.757360894310495425e+01 3.771999999999999797e-01
-2.731335498010284724e+01 3.924000000000000266e-01
-2.705313825577550091e+01 4.101000000000000201e-01
-2.633773420529114162e+01 4.506000000000000005e-01
-2.581761709056418042e+01 4.758999999999999897e-01
-2.529764873202930175e+01 4.961999999999999744e-01
-2.477782906072116020e+01 5.240000000000000213e-01
-2.425815800771770014e+01 5.493000000000000105e-01
-2.373863550413952694e+01 5.745999999999999996e-01
-2.347892993687328200e+01 5.897999999999999909e-01
-2.302453448864234531e+01 6.150999999999999801e-01
-2.250536451415054984e+01 6.430000000000000160e-01
-2.172688762584247968e+01 6.707999999999999519e-01
-2.094874421962613198e+01 7.087999999999999856e-01
-1.991173802770062906e+01 7.468000000000000194e-01
-1.919913965039167891e+01 7.796999999999999487e-01
-1.816313196703576693e+01 8.125999999999999890e-01
-1.712771525699353958e+01 8.429999999999999716e-01
-1.609288897377291505e+01 8.708000000000000185e-01
-1.531715640059719519e+01 8.935999999999999499e-01
-1.383126224576717433e+01 9.163999999999999924e-01
-1.254016924346806228e+01 9.366999999999999771e-01
-1.047633103131592947e+01 9.568999999999999728e-01
-8.157319063202976395e+00 9.746000000000000218e-01
-5.326997226044658973e+00 9.848000000000000087e-01
-2.244411957032116156e+00 9.949000000000000066e-01
0.000000000000000000e+00 1.000000000000000000e+00
3.204030237158803640e-01 9.973999999999999533e-01
2.369638876212138534e+00 9.923999999999999488e-01
4.160816302698003177e+00 9.771999999999999575e-01
5.694699154252248263e+00 9.517999999999999794e-01
6.971940533818269614e+00 9.214999999999999858e-01
8.056885815369696502e+00 8.860000000000000098e-01
9.077415487703364150e+00 8.556000000000000272e-01
1.009736844132612532e+01 8.151000000000000467e-01
1.086195500300527783e+01 7.772000000000000020e-01
1.194456492524886926e+01 7.340999999999999748e-01
1.270836914834699094e+01 6.962000000000000410e-01
1.347185002512905960e+01 6.555999999999999606e-01
1.423500777772796866e+01 6.150999999999999801e-01
1.506139763043383795e+01 5.620000000000000551e-01
1.582388292019386355e+01 5.214999999999999636e-01
1.658604576938050812e+01 4.758999999999999897e-01
1.741135858075713116e+01 4.354000000000000092e-01
1.817285038926002017e+01 3.924000000000000266e-01
1.893402043884989183e+01 3.518000000000000016e-01
1.969486895018453509e+01 3.113000000000000211e-01
2.051875891282588782e+01 2.783999999999999808e-01
2.127893826062454252e+01 2.404999999999999916e-01
2.229201164809319380e+01 1.948999999999999899e-01
2.305144266641518414e+01 1.544000000000000095e-01
2.488541217977408238e+01 1.164000000000000035e-01
2.640176739408589057e+01 7.847999999999999421e-02
2.791684509110045553e+01 4.809999999999999692e-02
2.993496445679183893e+01 2.530999999999999917e-02
3.245443053086137297e+01 1.012000000000000052e-02
3.471893221327090373e+01 5.062999999999999792e-03
3.773383097457544721e+01 0.000000000000000000e+00
4.049304454141010723e+01 0.000000000000000000e+00
6.297200977095189245e+01 0.000000000000000000e+00
